53.3473
53.37077
53.35152
53.37278
53.40126
53.34484
53.34133
53.34492
53.29206
53.36483
53.33067
53.36287
53.37416
53.39549
53.33239
53.34678
53.36869
53.37521
53.33751
53.37184
53.36143
53.37473
53.34514
53.36115
53.39351
53.33886
53.36115
53.37497
53.37565
53.3354
53.36143
53.36115
53.39459
53.37122
53.36656
53.36141
53.37323
53.36292
53.38122
53.35098
53.34312
53.34197
53.37954
53.33835
53.36976
53.37811
53.39847
53.38579
53.37626
53.37336
53.33032
53.37201
53.37416
53.36164
53.37043
53.35372
53.2908
53.39792
53.39315
53.34439
53.33591
53.3632
53.36833
53.35298
53.38122
53.33605
53.33324
53.38039
53.36883
53.35401
53.34745
53.39839
53.3473
53.29128
53.36158
53.3727
53.35321
53.31159
53.36455
53.39999
53.37414
53.37402
53.38983
53.34033
53.28973
53.36518
53.36873
53.33256
53.37565
53.38895
53.34648
53.35202
53.37247
53.37449
53.36559
53.39648
53.33239
53.39512
53.33835
53.37538
