-6.55057
-6.48279
-6.54989
-6.59611
-6.6683
-6.54766
-6.51856
-6.5557
-6.67685
-6.51278
-6.54686
-6.52468
-6.49494
-6.67647
-6.55163
-6.53415
-6.48314
-6.6103
-6.53173
-6.50065
-6.51849
-6.59338
-6.53615
-6.48907
-6.5542
-6.55468
-6.48907
-6.4991
-6.60716
-6.55111
-6.51849
-6.48907
-6.66995
-6.586
-6.49183
-6.51834
-6.58859
-6.50203
-6.59226
-6.54915
-6.54747
-6.55492
-6.58793
-6.53984
-6.59828
-6.57952
-6.66787
-6.58673
-6.59308
-6.48219
-6.55311
-6.48517
-6.49731
-6.50526
-6.48193
-6.54564
-6.67746
-6.6711
-6.66909
-6.53841
-6.53566
-6.51178
-6.50589
-6.54921
-6.59226
-6.53414
-6.53978
-6.59368
-6.51468
-6.54603
-6.53401
-6.66767
-6.55057
-6.67836
-6.50533
-6.58757
-6.55412
-6.60538
-6.51435
-6.66807
-6.60028
-6.49363
-6.5951
-6.54596
-6.67445
-6.48913
-6.49619
-6.55056
-6.60701
-6.60579
-6.54552
-6.55099
-6.60044
-6.60005
-6.51914
-6.66612
-6.55163
-6.67084
-6.53984
-6.60707